4294967294,0
4294967278,17
4294967278,16
4294967278,15
4294967278,14
4294967279,281
4294967278,24
4294967278,23
4294967278,22
4294967278,21
4294967278,20
4294967278,19
4294967278,18
4294967279,352
4294967278,36
4294967278,35
4294967278,34
4294967278,33
4294967278,32
4294967278,31
4294967278,30
4294967278,29
4294967278,28
4294967278,27
4294967278,26
4294967278,25
4294967279,22
4294967279,21
4294967279,20
4294967279,19
4294967279,17
4294967279,13
4294967279,11
4294967279,279
4294967278,282
4294967279,267
4294967278,541
4294967279,278
4294967278,540
4294967278,539
4294967279,261
4294967279,259
4294967294,6
4294967294,39
4294967294,42
4294967294,99
4294967294,76
4294967294,51
4294967294,52
4294967294,971
4294967294,82
4294967278,130
4294967278,129
4294967278,128
4294967278,127
4294967278,126
4294967278,125
4294967278,124
4294967278,123
4294967278,252
4294967278,122
4294967278,121
4294967278,120
4294967278,247
4294967278,119
4294967278,118
4294967278,117
4294967278,116
4294967278,115
4294967278,114
4294967278,113
4294967278,235
4294967278,112
4294967278,233
4294967278,111
4294967278,110
4294967278,229
4294967278,109
4294967278,108
4294967278,107
4294967278,106
4294967278,105
4294967278,104
4294967278,103
4294967278,102
4294967278,101
4294967278,100
4294967278,99
4294967278,98
4294967278,97
4294967278,96
4294967278,95
4294967278,94
4294967278,93
4294967278,92
4294967278,91
4294967278,90
4294967278,89
4294967278,87
4294967278,86
4294967278,85
4294967278,84
4294967278,83
4294967278,82
4294967278,81
4294967278,80
4294967278,88
4294967278,260
4294967278,79
4294967278,78
4294967278,77
4294967278,76
4294967278,75
4294967278,74
4294967278,73
4294967278,72
4294967278,71
4294967278,70
4294967278,69
4294967278,68
4294967278,67
4294967278,66
4294967278,65
4294967278,64
4294967278,63
4294967278,62
4294967278,61
4294967278,60
4294967278,59
4294967278,58
4294967278,57
4294967278,56
4294967278,55
4294967278,54
4294967278,53
4294967278,52
4294967278,51
4294967278,50
4294967278,49
4294967278,48
4294967278,47
4294967278,46
4294967278,45
4294967278,44
4294967278,43
4294967278,42
4294967278,41
4294967278,40
4294967278,39
4294967278,38
4294967278,37
4294967279,18
4294967279,16
4294967279,15
4294967279,14
4294967279,12
4294967279,10
4294967279,9
4294967279,8
4294967279,7
4294967279,6
4294967279,174
4294967279,88
4294967279,260
4294967294,7
4294967279,5
4294967279,257
4294967279,4
4294967279,275
4294967278,132
4294967279,351
4294967279,0
4294967278,538
4294967278,174
4294967278,0
4294967278,131
4294967294,5
0,5
4294967294,22
4294967294,17
4294967294,67
4294967294,41
4294967294,43
4294967294,416
4294967294,25
4294967294,954
4294967294,26
4294967279,350
4294967279,349
31,5
31,4
31,3
31,2
31,1
4294967278,537
4294967279,348
4294967294,472
30,5
30,4
30,3
30,2
30,1
4294967278,536
4294967279,347
4294967279,346
4294967278,535
4294967279,345
4294967279,344
4294967279,343
4294967279,342
4294967279,341
4294967278,534
4294967279,340
4294967278,533
4294967279,339
4294967278,532
4294967279,338
4294967278,531
4294967278,530
26,5
26,4
26,3
26,2
26,1
4294967278,529
4294967278,528
4294967278,527
4294967279,337
4294967278,526
4294967278,525
4294967279,336
4294967278,524
25,5
25,4
25,3
25,2
25,1
24,4
24,3
24,2
24,1
4294967279,335
23,5
23,4
23,3
23,2
23,1
4294967279,334
4294967294,471
4294967279,333
4294967278,523
4294967278,522
4294967279,332
4294967278,521
22,5
22,4
22,3
22,2
22,1
4294967279,331
20,4
20,3
20,2
20,1
4294967278,520
4294967278,519
4294967279,330
4294967279,329
4294967278,518
4294967279,328
19,6
19,5
19,4
19,3
19,2
19,1
4294967278,517
4294967278,516
4294967278,515
4294967279,327
4294967279,326
4294967278,514
4294967278,513
4294967279,325
4294967278,512
4294967278,319
4294967279,324
4294967278,318
4294967278,317
4294967279,323
4294967278,316
4294967279,322
4294967278,315
4294967279,321
4294967279,320
4294967279,319
16,6
16,5
16,4
16,3
16,2
16,1
4294967279,318
4294967279,317
4294967279,316
4294967278,314
4294967278,313
4294967279,315
4294967278,312
4294967279,314
